526
526
526
526
526
526
526
526
526
526
526
526
526
526
526
526
526
526
526
526
526
526
526
526
526
526
526
526
526
526
526
526
526
526
526
526
526
526
526
526
526
526
526
526
526
526
526
526
526
526
526
526
526
526
526
526
526
526
526
526
526
526
526
526
526
526
526
526
526
526
526
526
526
526
526
526
526
526
526
526
526
526
526
526
526
526
526
526
526
526
526
526
526
526
526
526
526
526
526
526
526
526
526
526
526
526
526
526
526
526
526
526
526
526
526
526
526
526
526
526
526
526
526
526
526
526
526
526
526
526
526
526
526
526
526
526
526
526
526
526
526
526
526
526
526
526
526
526
526
526
526
526
526
526
526
526
526
526
526
526
526
526
526
526
526
526
526
526
526
526
526
526
526
526
526
526
526
526
526
526
526
526
526
526
526
526
526
526
526
526
526
526
526
526
526
526
526
526
526
526
526
526
526
526
526
526
526
526
526
526
526
526
526
526
526
526
526
526
526
526
526
526
526
526
526
526
526
526
526
526
526
527
527
527
527
526
526
526
526
526
526
526
526
526
526
526
526
526
526
526
526
526
526
526
526
526
526
526
526
526
526
526
526
526
526
526
526
526
526
526
526
526
526
526
526
526
526
526
526
526
526
526
526
526
526
527
527
527
527
526
527
526
526
526
526
526
525
525
525
526
526
526
526
525
525
525
526
525
526
526
526
526
526
526
526
526
526
525
526
525
526
527
526
527
526
526
526
526
526
526
526
526
526
525
526
525
526
526
526
526
526
527
526
527
526
525
526
525
525
525
526
526
526
527
526
527
526
525
526
525
525
525
525
525
525
526
526
526
526
526
526
526
526
525
526
525
526
526
526
527
526
526
527
526
527
526
526
526
526
526
526
526
526
526
526
526
526
527
525
527
527
526
528
527
527
527
527
527
526
527
527
526
527
525
526
525
526
526
526
527
527
527
527
527
527
527
527
527
526
527
526
526
526
526
526
526
526
527
526
527
526
527
526
524
526
524
525
525
527
527
529
529
529
528
528
527
525
528
526
528
528
526
527
525
526
526
527
527
528
527
527
526
526
526
526
526
526
526
526
526
525
526
525
526
526
527
526
527
526
527
528
527
527
524
524
523
523
523
523
524
524
524
524
523
522
522
523
523
523
524
523
526
526
525
526
524
526
524
527
525
526
527
528
529
529
530
529
531
527
528
524
523
524
522
524
523
524
525
525
526
525
526
525
526
525
525
525
525
525
526
527
526
529
526
529
529
529
531
531
532
529
528
525
525
525
525
524
525
524
525
525
528
526
527
527
524
525
524
525
524
525
525
526
525
526
528
528
529
528
527
525
523
524
522
525
524
524
524
523
526
524
526
527
526
528
526
523
522
521
522
525
525
526
524
524
523
523
524
523
524
523
525
527
526
528
525
527
526
527
529
528
530
529
528
528
527
525
526
525
526
527
526
526
525
524
525
525
526
526
527
527
527
526
526
524
525
527
526
530
528
528
527
527
526
526
527
528
528
530
528
529
528
528
528
527
530
527
529
526
526
527
526
529
528
529
529
528
528
527
529
527
529
527
525
523
522
524
525
527
528
528
530
529
524
526
519
521
521
521
521
520
523
522
523
525
524
525
525
525
526
526
528
527
529
525
526
524
524
527
526
528
525
526
523
522
522
521
521
519
524
525
527
530
528
528
528
527
529
526
528
526
527
527
526
526
525
525
525
525
527
527
528
530
529
530
529
528
524
526
522
526
525
526
527
527
529
526
527
524
525
525
524
524
523
524
523
526
525
526
528
525
523
525
521
527
526
527
527
527
528
527
527
526
524
523
523
523
524
521
522
520
523
524
527
527
529
529
530
530
530
528
529
526
527
530
528
533
530
531
530
529
529
526
527
526
527
528
528
527
525
526
523
525
524
524
524
524
525
522
524
521
525
526
528
528
528
527
526
526
526
529
529
533
530
530
526
526
525
523
524
520
524
524
527
530
529
530
530
526
526
527
526
532
531
531
532
532
533
531
530
527
526
524
525
524
525
525
524
526
524
527
526
529
528
529
529
530
530
530
532
532
534
534
533
532
531
529
530
525
528
527
529
532
527
533
528
534
532
533
530
529
528
523
524
518
521
522
523
527
525
526
526
526
530
528
527
527
523
524
525
524
527
523
524
521
520
520
521
521
523
523
526
526
528
527
529
528
529
528
527
525
524
524
525
527
528
529
528
527
525
523
523
522
522
523
524
525
527
528
528
527
526
525
526
526
528
528
529
528
529
528
527
526
525
523
522
522
521
522
523
525
526
526
529
530
532
532
530
529
527
526
526
525
526
527
527
527
528
528
527
528
526
527
527
527
526
525
524
523
522
521
521
521
521
521
521
521
523
525
527
529
531
532
532
533
533
535
535
537
536
537
537
536
537
536
536
535
508
507
479
476
475
491
491
512
515
518
522
523
533
534
539
539
535
530
531
528
538
539
547
546
545
537
538
534
540
543
549
548
548
545
545
542
494
486
437
434
433
437
437
436
436
468
469
503
548
549
578
578
562
561
561
561
555
557
550
549
548
538
537
527
527
527
527
527
545
541
558
554
554
538
539
523
530
529
533
532
492
485
447
439
439
460
461
484
510
511
532
532
527
524
525
524
535
537
543
543
539
539
542
542
545
533
534
523
527
528
533
534
542
542
549
548
548
546
546
545
515
513
482
475
462
456
442
450
449
466
466
477
498
499
519
518
517
520
521
525
534
534
543
542
541
525
525
517
529
536
547
546
546
543
547
545
549
544
543
539
536
536
534
533
499
495
460
457
446
446
436
442
442
455
456
463
493
494
523
521
520
520
521
524
536
537
547
547
545
532
532
529
537
547
547
548
542
542
544
543
544
542
545
545
543
543
538
538
522
509
492
488
464
472
447
444
443
452
453
466
500
501
531
530
527
528
529
530
547
548
562
561
558
543
545
532
534
543
544
552
551
551
550
549
549
541
542
536
529
531
522
522
498
494
470
468
454
456
441
450
450
462
462
467
502
503
538
535
535
536
537
541
547
548
553
552
551
538
539
528
536
538
545
540
540
540
540
545
545
545
542
541
537
531
530
524
482
480
438
440
440
442
442
455
459
472
476
473
509
506
539
539
536
535
545
545
554
555
553
550
548
546
547
549
550
550
551
550
551
548
548
546
541
543
537
537
532
523
519
511
480
480
449
448
447
457
458
469
500
501
530
530
535
536
541
544
545
546
550
548
551
546
542
543
539
548
553
557
562
562
562
562
562
552
553
543
540
540
537
536
499
492
454
448
447
447
447
455
454
462
463
462
497
495
530
528
535
537
542
546
545
546
546
545
545
551
551
557
557
558
558
558
558
558
558
557
557
548
548
540
492
492
444
440
439
435
434
445
445
456
457
457
493
493
530
530
531
529
530
529
538
539
545
544
542
540
544
541
545
548
547
550
551
551
551
550
550
546
544
538
493
490
447
446
444
444
442
445
445
448
449
449
489
489
529
526
527
532
539
547
546
547
539
536
535
536
536
540
549
550
558
557
557
551
551
546
546
546
545
544
503
501
461
452
451
442
443
452
460
469
475
469
489
483
503
506
521
526
540
542
542
544
540
542
538
542
546
551
555
556
556
556
556
554
554
553
540
541
527
527
496
487
456
442
442
450
451
466
492
493
518
517
517
502
503
499
518
527
540
537
532
538
536
547
545
546
553
554
561
561
561
560
561
556
556
553
527
528
501
501
493
480
472
458
457
466
466
476
502
503
526
525
522
514
515
510
518
521
528
530
529
536
536
542
542
543
548
548
552
552
552
551
551
550
550
549
512
512
475
465
464
454
453
467
467
481
482
484
511
513
542
541
544
530
530
517
521
521
525
524
523
532
533
543
548
548
552
551
552
555
555
559
559
560
553
553
519
515
487
470
470
456
457
471
478
492
497
493
513
508
529
529
537
536
542
538
532
530
524
526
526
534
535
543
550
551
557
556
556
548
548
545
520
524
500
494
480
475
461
456
455
463
463
477
506
507
537
536
537
527
528
525
533
539
543
536
531
534
533
542
542
544
549
551
555
556
556
555
556
553
553
551
513
513
475
472
472
460
460
458
458
469
470
474
510
510
545
544
544
536
536
532
535
539
540
538
535
539
541
548
550
550
550
550
551
551
551
550
538
534
522
519
488
488
457
449
448
440
441
453
465
477
488
486
516
514
545
545
546
543
543
542
542
544
540
540
536
539
543
548
552
553
553
552
552
548
548
546
513
515
481
481
472
464
455
444
443
440
441
449
477
485
512
510
526
527
542
545
545
547
545
547
544
545
545
545
545
544
547
547
550
550
550
547
547
544
542
543
507
508
473
473
473
463
463
453
453
453
454
457
489
499
531
540
545
545
549
548
548
543
543
539
539
544
544
549
549
549
549
550
550
550
550
550
540
540
529
529
510
509
490
488
487
476
477
468
468
468
469
479
490
506
517
523
541
542
559
558
558
551
551
544
545
544
544
546
546
548
548
548
548
548
548
547
528
525
506
504
496
490
483
476
475
473
474
473
476
490
494
509
520
522
532
533
546
546
558
557
557
548
548
543
542
546
545
546
547
547
547
545
545
543
538
537
520
518
505
503
500
493
490
485
484
484
485
485
486
497
498
509
520
521
540
542
551
553
553
553
553
553
553
552
553
549
549
545
545
545
545
544
537
532
525
521
513
513
505
505
504
500
500
496
494
494
492
492
491
500
501
512
521
522
531
531
540
540
548
549
549
549
549
548
547
546
546
544
545
540
540
538
528
528
518
517
515
509
507
502
502
501
502
502
502
502
501
501
500
503
504
508
517
524
533
541
545
546
549
549
549
548
548
547
547
544
544
538
538
535
535
535
528
528
519
516
514
511
511
510
510
509
510
509
510
510
510
510
510
510
511
511
512
521
522
531
538
538
544
544
544
543
543
542
542
541
541
540
540
539
538
537
532
528
523
517
516
514
514
514
514
514
516
515
517
518
518
518
517
517
515
515
514
514
515
516
519
522
526
529
532
535
537
540
541
541
539
539
537
537
536
535
533
531
529
528
527
522
522
518
520
520
522
523
522
523
521
521
520
520
518
518
517
517
517
517
517
520
521
525
525
526
527
529
530
533
536
540
543
546
541
543
538
538
537
536
535
527
528
525
531
536
537
538
535
535
537
536
536
532
530
526
518
517
508
504
504
500
501
501
501
505
506
512
519
523
530
534
539
540
543
542
539
536
536
533
533
530
532
530
532
535
535
537
538
538
537
535
534
531
531
529
523
521
515
512
511
509
509
510
510
509
510
510
511
513
515
518
524
525
531
531
532
532
532
533
533
536
536
540
540
541
541
541
541
540
540
540
540
538
538
536
529
527
520
519
517
513
511
507
507
507
508
508
509
509
510
511
518
519
526
526
527
527
527
527
528
528
528
530
530
532
532
534
534
535
535
537
537
540
539
538
534
533
530
529
525
519
515
510
509
509
509
509
509
509
511
511
519
519
526
527
527
529
529
531
531
532
532
531
531
533
533
535
535
535
535
534
534
534
532
531
528
527
525
524
523
521
519
516
514
514
516
516
517
517
518
519
522
524
527
528
529
530
530
529
529
529
529
530
531
531
531
533
533
534
534
533
531
530
528
528
527
525
524
521
521
519
519
519
519
519
520
521
522
522
523
525
527
529
531
531
531
531
531
529
529
527
527
528
527
529
529
530
531
531
530
529
528
526
525
524
523
522
522
522
521
521
521
522
522
522
524
525
527
529
529
531
531
532
532
532
532
531
531
529
529
527
526
526
525
525
526
527
527
527
525
524
523
522
521
521
520
520
521
521
522
522
523
524
525
527
528
529
530
530
530
531
531
532
532
532
532
531
529
527
525
522
522
522
522
522
522
522
522
522
522
522
521
521
521
521
521
521
522
523
524
525
526
528
529
531
531
532
532
533
533
533
533
533
532
530
530
528
527
526
525
523
523
523
523
523
521
521
519
519
519
519
519
519
520
520
521
521
523
524
526
529
530
532
533
534
534
534
534
534
534
533
533
533
532
531
530
529
528
525
525
522
522
522
522
522
521
521
519
519
520
520
520
520
521
520
521
521
524
526
529
531
531
531
531
531
531
531
532
532
532
532
532
532
532
531
529
527
526
524
524
522
522
522
521
521
520
520
519
519
519
519
519
519
521
522
524
525
527
528
530
532
532
533
533
533
533
533
533
533
533
532
533
531
530
528
526
527
525
527
518
519
510
510
510
510
511
510
515
515
520
518
518
520
519
523
521
522
523
524
527
528
531
531
533
537
537
542
538
539
535
534
533
526
525
516
515
518
523
530
532
533
528
527
526
519
519
511
513
510
511
514
514
517
517
516
517
518
521
524
528
530
534
535
536
536
533
533
532
527
529
528
528
531
528
528
527
527
528
528
530
530
529
528
525
523
522
518
518
519
519
523
525
527
528
530
528
528
526
525
525
524
525
526
530
531
534
533
532
530
529
527
526
521
521
523
523
527
528
527
528
527
526
523
522
520
521
524
525
525
525
524
526
525
525
526
525
527
528
529
530
530
530
529
529
528
527
526
526
526
527
527
528
528
528
528
528
528
528
527
527
526
526
526
525
526
526
527
526
527
525
525
524
524
525
526
529
530
532
531
531
530
529
528
524
522
519
518
518
519
520
521
523
523
525
524
524
523
524
525
526
528
527
528
526
526
526
526
528
528
530
531
532
533
532
531
530
528
528
525
525
523
521
521
519
518
518
517
517
516
517
517
519
521
525
529
532
534
534
536
536
537
537
537
537
537
536
536
536
535
534
533
528
526
521
519
518
517
517
517
509
507
498
497
494
494
492
492
491
506
506
521
537
537
553
552
553
550
549
546
545
535
537
530
531
533
533
534
531
531
527
525
524
521
522
525
529
532
534
535
534
534
533
531
528
523
522
519
519
520
517
516
513
512
513
513
508
508
502
502
501
514
515
529
535
537
548
549
556
556
554
548
546
539
539
539
539
532
534
528
525
526
521
521
521
519
518
517
516
524
528
536
539
540
541
542
543
543
541
540
536
527
525
517
516
516
515
515
509
509
504
504
503
503
503
507
507
520
521
530
542
542
550
548
545
543
542
541
539
527
528
521
526
530
532
530
526
524
521
518
515
519
523
530
534
536
539
540
543
544
544
543
543
539
538
534
528
524
518
514
514
512
513
513
509
509
504
504
502
510
510
518
518
524
525
531
543
544
549
548
541
534
534
527
527
524
524
524
530
532
534
531
525
522
519
516
515
522
522
532
537
539
544
545
546
546
546
545
544
534
534
527
521
523
517
516
515
512
513
511
506
506
499
499
498
511
512
525
527
529
531
534
545
546
550
549
542
534
535
528
529
529
535
535
536
536
531
530
529
522
522
517
517
522
527
534
539
540
538
538
536
536
536
535
535
532
531
529
524
524
520
516
515
514
518
522
512
513
499
495
495
508
508
525
528
529
532
533
544
545
549
548
542
534
534
529
539
541
541
541
530
523
524
518
519
519
519
517
522
520
525
528
531
533
537
536
538
537
537
537
533
532
528
524
523
520
521
522
523
525
526
527
510
510
492
488
488
498
499
515
521
522
528
527
531
530
533
533
533
531
532
531
531
531
530
529
529
520
522
516
512
514
507
502
501
506
507
518
535
535
548
547
543
536
536
530
528
529
526
526
526
522
522
516
517
518
521
525
513
513
498
497
495
494
493
501
500
513
514
520
538
539
549
548
540
529
530
526
529
535
537
536
535
528
529
523
516
516
509
505
505
516
516
531
538
538
544
543
543
535
535
529
534
535
536
535
531
524
524
519
519
520
522
520
522
520
518
518
507
507
495
494
492
506
507
522
531
531
539
538
537
528
529
528
531
538
542
542
543
540
540
537
535
527
524
514
512
523
522
536
535
536
542
542
547
547
547
545
545
540
540
536
537
535
535
533
531
526
524
519
517
517
515
516
509
510
504
506
505
514
514
523
524
525
526
527
534
534
539
538
537
531
532
529
534
537
539
539
535
526
526
518
514
515
509
509
508
523
523
539
548
549
554
552
549
542
545
542
546
549
545
544
538
526
524
515
513
515
513
514
514
514
519
519
511
511
497
497
496
507
508
520
531
532
541
540
538
526
527
525
527
537
538
537
536
531
532
527
526
525
522
521
518
525
523
532
531
532
533
534
541
542
547
547
547
540
539
531
530
529
529
528
527
521
519
515
514
518
518
521
524
525
526
525
523
520
518
519
518
523
523
527
528
529
530
530
530
527
527
525
530
530
534
533
532
528
527
525
519
525
519
525
525
530
531
536
539
539
541
541
540
536
537
534
531
532
527
525
524
524
524
527
533
534
538
537
533
523
521
513
507
508
502
501
501
509
510
519
533
533
540
530
524
523
524
533
535
535
535
535
534
530
534
530
525
524
515
513
512
522
522
534
534
535
537
537
539
538
537
537
537
533
534
529
532
531
534
533
530
526
521
514
514
514
518
522
513
513
500
496
495
507
508
523
528
528
532
531
536
534
538
536
536
535
535
534
537
537
538
537
536
526
527
519
512
513
504
512
512
528
528
537
544
544
548
547
542
536
535
530
530
530
530
529
529
524
524
520
523
524
525
524
517
514
507
503
502
512
512
525
525
525
526
527
533
533
537
536
535
532
532
530
539
539
541
541
535
522
530
524
519
526
511
510
509
519
520
532
540
541
547
547
545
537
537
530
533
533
535
535
534
527
528
521
519
519
517
516
514
513
510
509
509
507
508
509
511
517
520
526
534
535
541
540
540
534
534
533
534
538
537
536
530
529
524
521
516
515
509
516
516
529
530
537
541
541
542
541
540
532
533
527
532
533
537
535
534
524
525
520
524
526
528
527
519
516
508
506
505
505
506
507
512
516
522
526
528
528
532
532
535
535
535
534
534
533
533
531
524
523
515
515
511
511
506
514
513
526
527
533
538
539
541
540
537
526
527
523
500
507
481
480
479
491
492
506
523
524
539
539
537
521
521
509
510
513
514
513
512
507
508
511
514
521
524
524
535
535
545
544
544
535
539
532
528
528
520
517
513
518
515
524
523
530
531
537
546
546
548
547
541
535
535
531
540
540
541
540
532
520
521
512
521
523
525
522
514
511
508
508
505
505
502
504
504
512
513
520
526
527
531
530
529
530
531
533
536
537
539
538
537
536
535
534
531
522
518
515
514
525
525
532
535
536
539
538
538
525
532
531
529
540
530
529
528
517
518
513
520
527
529
528
521
516
512
506
504
503
501
504
504
516
517
527
530
531
533
531
531
531
532
535
537
538
539
538
537
535
534
533
532
521
522
518
522
529
536
538
542
542
541
540
538
533
532
531
527
530
527
526
525
519
524
522
527
529
524
522
510
508
501
501
500
501
500
504
504
518
519
529
531
532
532
532
532
522
523
524
527
537
537
536
535
532
532
530
531
518
520
512
521
526
535
535
537
537
534
533
530
531
533
536
534
535
531
531
530
524
524
519
520
520
521
521
508
508
494
494
493
504
505
517
520
524
539
543
545
546
533
531
530
529
530
532
545
545
548
547
536
532
533
529
530
521
522
513
522
523
532
536
535
535
532
529
528
527
530
533
533
533
530
526
525
521
521
520
521
519
519
519
511
511
502
502
501
511
512
523
528
533
544
549
549
550
541
541
540
524
525
521
525
536
539
537
536
534
534
534
534
524
524
516
520
525
530
533
535
535
533
531
529
526
528
531
529
532
528
526
525
523
523
522
518
516
512
513
507
508
502
499
499
508
508
521
527
528
542
543
546
547
539
538
537
523
524
520
525
533
537
536
535
534
533
533
531
523
522
520
520
528
534
538
540
540
535
535
533
531
536
536
536
538
533
532
531
529
529
527
527
521
520
515
509
509
503
503
502
511
512
521
526
530
541
545
546
547
540
539
538
528
529
523
524
527
533
533
531
531
524
523
522
516
516
516
516
527
528
534
542
542
543
542
537
529
529
525
526
529
528
527
525
524
524
523
523
517
518
514
510
511
505
504
503
509
510
516
522
527
537
543
541
542
535
534
533
529
529
524
525
519
519
516
524
526
527
526
520
522
521
524
524
529
535
541
543
544
538
537
536
529
529
521
525
523
524
524
522
522
522
520
517
515
513
513
512
512
511
510
509
515
515
523
530
532
541
541
539
539
535
532
531
528
528
528
528
523
524
520
523
524
527
527
527
528
527
528
528
529
530
532
532
533
530
527
525
521
521
523
523
524
525
525
527
527
529
529
526
525
521
521
520
519
519
518
518
517
518
517
519
519
520
521
521
522
525
529
532
536
536
534
534
533
533
533
530
528
525
524
523
523
523
523
523
523
526
528
530
532
532
531
531
530
529
528
526
525
525
524
524
523
523
524
524
525
524
523
523
522
523
523
523
523
520
520
517
517
517
518
518
518
523
525
529
532
532
532
532
532
532
533
533
534
532
531
529
527
527
523
523
521
523
523
525
525
526
529
529
532
531
532
531
531
531
530
529
526
525
523
523
523
521
521
519
518
518
521
521
523
526
526
528
528
526
526
524
521
523
521
523
524
525
526
528
529
529
530
530
530
530
530
530
529
529
529
529
529
528
527
526
525
526
528
529
531
531
531
530
530
530
530
530
527
526
524
523
523
522
522
520
520
520
522
522
525
526
526
527
527
527
524
523
520
521
520
522
522
524
524
524
524
525
525
526
526
527
528
528
529
529
530
530
530
530
529
529
528
528
529
529
531
530
530
529
528
528
527
528
526
526
525
524
524
523
523
522
522
523
524
524
526
527
528
529
529
527
525
523
521
522
522
523
523
523
523
523
523
525
525
527
527
527
528
527
528
529
529
530
530
529
529
528
527
528
528
529
530
530
529
529
528
528
528
528
529
528
528
526
526
526
526
526
524
526
525
526
527
527
527
528
528
526
525
522
522
522
522
522
522
524
523
525
525
525
526
526
526
527
528
529
530
530
530
530
530
529
528
528
526
526
525
526
527
527
526
527
526
526
528
527
529
528
528
528
527
527
526
526
525
526
527
527
528
528
528
527
527
527
527
526
526
525
525
525
524
524
524
524
524
524
524
524
524
525
525
526
527
527
527
528
528
528
527
526
525
525
526
523
523
520
520
519
522
523
526
530
531
532
532
531
529
529
527
527
526
526
525
525
524
525
527
528
529
529
529
528
527
527
526
526
525
524
524
523
523
524
524
523
524
521
523
522
524
528
530
531
531
528
528
528
527
529
528
527
527
522
520
520
518
519
520
521
523
524
524
525
527
529
532
531
532
527
526
526
524
524
522
524
523
525
527
528
530
532
532
530
531
527
526
524
521
520
518
518
519
520
520
523
523
525
525
525
525
525
526
525
527
526
528
527
527
528
527
529
526
526
523
519
521
517
519
519
520
522
524
527
527
529
527
527
528
526
530
529
530
532
531
530
526
524
522
522
523
524
522
526
524
526
526
526
527
525
526
525
525
524
525
524
524
525
525
526
526
527
527
527
526
527
526
527
525
527
526
525
525
522
523
522
523
524
524
526
525
526
525
526
529
529
532
529
529
526
526
526
526
527
526
528
526
527
523
524
520
521
524
521
525
522
525
524
525
526
526
529
529
531
529
527
525
524
525
524
524
525
525
527
525
527
526
528
528
529
528
527
526
524
524
523
522
524
525
526
527
526
527
526
526
526
526
528
526
527
526
526
526
526
526
527
526
525
525
524
524
525
526
527
527
526
526
525
525
525
526
526
526
526
526
525
527
527
529
528
528
527
527
526
525
526
525
526
525
526
525
525
524
526
525
525
525
523
523
523
523
522
522
522
522
522
524
524
525
526
527
529
529
530
530
530
529
529
529
529
525
526
522
521
520
518
519
519
520
521
521
523
523
525
525
527
527
528
528
527
527
527
528
527
528
528
528
528
526
526
526
526
527
527
527
527
526
526
526
526
525
525
525
525
524
525
526
525
526
524
524
524
524
524
524
524
524
525
525
526
526
526
527
527
527
528
527
528
528
527
528
527
528
528
528
529
528
528
527
526
525
524
523
522
522
523
524
525
525
525
525
525
525
526
527
527
528
528
528
528
528
527
526
525
524
524
524
524
525
526
525
526
526
526
526
526
525
526
527
527
528
528
528
528
528
526
526
524
523
524
523
524
523
524
525
526
527
526
526
526
526
526
526
527
527
527
527
527
527
527
527
527
526
526
525
525
524
524
525
526
527
527
527
526
526
527
526
526
526
526
526
526
526
526
526
527
527
527
527
526
526
527
526
526
526
526
526
526
526
526
526
526
526
526
526
527
527
527
527
527
526
526
526
526
526
526
526
526
525
525
525
525
525
526
526
527
527
527
527
527
527
527
527
526
526
526
527
527
527
527
527
527
527
526
525
525
524
525
525
526
526
526
527
527
527
526
526
526
525
526
526
527
527
527
527
527
526
526
526
526
526
526
526
526
525
525
526
525
526
526
526
526
526
526
527
527
527
527
527
527
526
526
526
526
526
526
525
525
525
525
526
526
526
526
526
527
527
527
527
526
526
526
526
526
526
526
526
526
526
526
525
525
525
525
526
526
526
526
526
526
526
526
526
526
526
526
526
527
527
527
526
526
525
525
524
524
524
525
525
526
526
526
527
527
527
527
527
528
528
528
528
528
527
527
526
526
525
525
526
525
526
526
526
526
526
526
526
526
526
527
526
527
527
527
527
526
526
526
526
526
526
526
526
525
525
525
526
526
526
526
526
526
525
525
525
525
525
525
525
526
526
527
527
527
527
527
527
527
527
527
527
527
527
526
526
525
525
525
525
525
526
526
526
526
526
526
526
526
525
526
526
526
526
526
526
526
526
526
526
526
526
526
526
526
526
526
526
527
527
527
527
527
526
526
526
526
526
525
526
525
525
525
525
525
525
525
525
526
526
526
526
526
526
526
526
526
526
526
526
526
526
526
526
526
526
526
527
526
527
527
527
527
526
526
526
526
526
525
525
525
525
526
526
526
526
526
526
526
526
526
526
525
525
525
526
526
526
527
526
527
526
526
526
526
526
526
526
526
526
525
525
525
525
526
526
526
526
526
526
526
526
526
526
526
526
526
526
526
526
526
526
526
526
526
526
525
525
526
525
526
526
526
526
526
526
526
526
525
525
525
526
526
526
526
526
526
526
526
526
526
526
526
526
526
526
526
526
526
526
526
526
526
526
526
526
526
526
526
526
526
526
526
526
526
526
526
526
526
526
526
526
526
526
526
526
526
526
526
526
526
526
526
526
526
526
526
526
526
526
526
526
526
526
526
526
526
526
526
526
526
526
526
526
526
525
528
526
527
